(kicad_pcb (version 20171130) (host pcbnew 5.1.9+dfsg1-1~bpo10+1)

  (general
    (thickness 1.6)
    (drawings 41)
    (tracks 459)
    (zones 0)
    (modules 67)
    (nets 56)
  )

  (page A4)
  (layers
    (0 F.Cu signal)
    (1 In1.Cu.PWR power)
    (2 In2.Cu.GND power)
    (31 B.Cu signal)
    (32 B.Adhes user)
    (33 F.Adhes user)
    (34 B.Paste user)
    (35 F.Paste user)
    (36 B.SilkS user)
    (37 F.SilkS user)
    (38 B.Mask user)
    (39 F.Mask user)
    (40 Dwgs.User user)
    (41 Cmts.User user)
    (42 Eco1.User user)
    (43 Eco2.User user)
    (44 Edge.Cuts user)
    (45 Margin user)
    (46 B.CrtYd user)
    (47 F.CrtYd user)
    (48 B.Fab user hide)
    (49 F.Fab user hide)
  )

  (setup
    (last_trace_width 0.25)
    (user_trace_width 0.25)
    (trace_clearance 0.2)
    (zone_clearance 0.508)
    (zone_45_only no)
    (trace_min 0.2)
    (via_size 0.8)
    (via_drill 0.4)
    (via_min_size 0.4)
    (via_min_drill 0.3)
    (uvia_size 0.3)
    (uvia_drill 0.1)
    (uvias_allowed no)
    (uvia_min_size 0.2)
    (uvia_min_drill 0.1)
    (edge_width 0.05)
    (segment_width 0.2)
    (pcb_text_width 0.3)
    (pcb_text_size 1.5 1.5)
    (mod_edge_width 0.12)
    (mod_text_size 1 1)
    (mod_text_width 0.15)
    (pad_size 2.5 6)
    (pad_drill 0)
    (pad_to_mask_clearance 0)
    (aux_axis_origin 95.075 97.3)
    (grid_origin 95.075 97.3)
    (visible_elements FFFFFF7F)
    (pcbplotparams
      (layerselection 0x010f0_ffffffff)
      (usegerberextensions false)
      (usegerberattributes true)
      (usegerberadvancedattributes true)
      (creategerberjobfile true)
      (excludeedgelayer true)
      (linewidth 0.100000)
      (plotframeref false)
      (viasonmask false)
      (mode 1)
      (useauxorigin false)
      (hpglpennumber 1)
      (hpglpenspeed 20)
      (hpglpendiameter 15.000000)
      (psnegative false)
      (psa4output false)
      (plotreference true)
      (plotvalue true)
      (plotinvisibletext false)
      (padsonsilk false)
      (subtractmaskfromsilk false)
      (outputformat 1)
      (mirror false)
      (drillshape 0)
      (scaleselection 1)
      (outputdirectory "gerber/"))
  )

  (net 0 "")
  (net 1 "Net-(BT1-Pad1)")
  (net 2 GND)
  (net 3 +3V3)
  (net 4 /epd/VGH)
  (net 5 /epd/VGL)
  (net 6 /epd/PREVGL)
  (net 7 VCC)
  (net 8 /epd/PREVGH)
  (net 9 /epd/VDD)
  (net 10 /epd/VPP)
  (net 11 /epd/VSH)
  (net 12 /epd/VSL)
  (net 13 /epd/VCOM)
  (net 14 /mcu/RST)
  (net 15 "Net-(C20-Pad1)")
  (net 16 /mcu/EPD_PWR_EN)
  (net 17 /epd/DIN)
  (net 18 /epd/CLK)
  (net 19 /epd/CS#)
  (net 20 /epd/DC#)
  (net 21 /mcu/EPD_RST#)
  (net 22 /epd/BUSY)
  (net 23 /epd/NC)
  (net 24 /epd/GDR)
  (net 25 /epd/RESE)
  (net 26 /epd/TSCL)
  (net 27 /epd/TSDA)
  (net 28 /mcu/TEST)
  (net 29 "Net-(L1-Pad2)")
  (net 30 /power/ADEN#)
  (net 31 "Net-(Q1-Pad3)")
  (net 32 /mcu/AIN)
  (net 33 /button/BT0)
  (net 34 /button/BT1)
  (net 35 /button/BT2)
  (net 36 /rtc/INT)
  (net 37 /flash/MISO)
  (net 38 /flash/CS)
  (net 39 /mcu/SCL)
  (net 40 /mcu/SDA)
  (net 41 "Net-(C1-Pad1)")
  (net 42 /mcu/UCA0RXD)
  (net 43 /mcu/UCA0TXD)
  (net 44 "Net-(C2-Pad1)")
  (net 45 "Net-(C10-Pad2)")
  (net 46 "Net-(C10-Pad1)")
  (net 47 "Net-(C19-Pad1)")
  (net 48 "Net-(U2-Pad27)")
  (net 49 "Net-(U2-Pad26)")
  (net 50 "Net-(U2-Pad18)")
  (net 51 "Net-(U2-Pad17)")
  (net 52 "Net-(U2-Pad16)")
  (net 53 "Net-(U4-Pad7)")
  (net 54 "Net-(R13-Pad1)")
  (net 55 "Net-(R14-Pad1)")

  (net_class Default "This is the default net class."
    (clearance 0.2)
    (trace_width 0.25)
    (via_dia 0.8)
    (via_drill 0.4)
    (uvia_dia 0.3)
    (uvia_drill 0.1)
    (add_net /button/BT0)
    (add_net /button/BT1)
    (add_net /button/BT2)
    (add_net /epd/BUSY)
    (add_net /epd/CLK)
    (add_net /epd/CS#)
    (add_net /epd/DC#)
    (add_net /epd/DIN)
    (add_net /epd/GDR)
    (add_net /epd/NC)
    (add_net /epd/PREVGH)
    (add_net /epd/PREVGL)
    (add_net /epd/RESE)
    (add_net /epd/TSCL)
    (add_net /epd/TSDA)
    (add_net /epd/VCOM)
    (add_net /epd/VDD)
    (add_net /epd/VGH)
    (add_net /epd/VGL)
    (add_net /epd/VPP)
    (add_net /epd/VSH)
    (add_net /epd/VSL)
    (add_net /flash/CS)
    (add_net /flash/MISO)
    (add_net /mcu/AIN)
    (add_net /mcu/EPD_PWR_EN)
    (add_net /mcu/EPD_RST#)
    (add_net /mcu/RST)
    (add_net /mcu/SCL)
    (add_net /mcu/SDA)
    (add_net /mcu/TEST)
    (add_net /mcu/UCA0RXD)
    (add_net /mcu/UCA0TXD)
    (add_net /power/ADEN#)
    (add_net /rtc/INT)
    (add_net "Net-(C10-Pad1)")
    (add_net "Net-(C10-Pad2)")
    (add_net "Net-(C19-Pad1)")
    (add_net "Net-(C20-Pad1)")
    (add_net "Net-(Q1-Pad3)")
    (add_net "Net-(R13-Pad1)")
    (add_net "Net-(R14-Pad1)")
    (add_net "Net-(U2-Pad16)")
    (add_net "Net-(U2-Pad17)")
    (add_net "Net-(U2-Pad18)")
    (add_net "Net-(U2-Pad26)")
    (add_net "Net-(U2-Pad27)")
    (add_net "Net-(U4-Pad7)")
  )

  (net_class Power ""
    (clearance 0.2)
    (trace_width 0.5)
    (via_dia 0.8)
    (via_drill 0.4)
    (uvia_dia 0.3)
    (uvia_drill 0.1)
    (add_net +3V3)
    (add_net GND)
    (add_net "Net-(BT1-Pad1)")
    (add_net "Net-(C1-Pad1)")
    (add_net "Net-(C2-Pad1)")
    (add_net "Net-(L1-Pad2)")
    (add_net VCC)
  )

  (module TestPoint:TestPoint_Pad_D1.0mm (layer B.Cu) (tedit 5A0F774F) (tstamp 6117D346)
    (at 148.075 124.4)
    (descr "SMD pad as test Point, diameter 1.0mm")
    (tags "test point SMD pad")
    (path /6113B8EA/61186342)
    (attr virtual)
    (fp_text reference TP8 (at 0 1.448) (layer B.SilkS) hide
      (effects (font (size 1 1) (thickness 0.15)) (justify mirror))
    )
    (fp_text value TestPoint (at 0 -1.55) (layer B.Fab)
      (effects (font (size 1 1) (thickness 0.15)) (justify mirror))
    )
    (fp_circle (center 0 0) (end 1 0) (layer B.CrtYd) (width 0.05))
    (fp_circle (center 0 0) (end 0 -0.7) (layer B.SilkS) (width 0.12))
    (fp_text user %R (at 0 1.45) (layer B.Fab)
      (effects (font (size 1 1) (thickness 0.15)) (justify mirror))
    )
    (pad 1 smd circle (at 0 0) (size 1 1) (layers B.Cu B.Mask)
      (net 40 /mcu/SDA))
  )

  (module TestPoint:TestPoint_Pad_D1.0mm (layer B.Cu) (tedit 5A0F774F) (tstamp 6117D33E)
    (at 145.475 124.4)
    (descr "SMD pad as test Point, diameter 1.0mm")
    (tags "test point SMD pad")
    (path /6113B8EA/6117E188)
    (attr virtual)
    (fp_text reference TP7 (at 0 1.448) (layer B.SilkS) hide
      (effects (font (size 1 1) (thickness 0.15)) (justify mirror))
    )
    (fp_text value TestPoint (at 0 -1.55) (layer B.Fab)
      (effects (font (size 1 1) (thickness 0.15)) (justify mirror))
    )
    (fp_circle (center 0 0) (end 1 0) (layer B.CrtYd) (width 0.05))
    (fp_circle (center 0 0) (end 0 -0.7) (layer B.SilkS) (width 0.12))
    (fp_text user %R (at 0 1.45) (layer B.Fab)
      (effects (font (size 1 1) (thickness 0.15)) (justify mirror))
    )
    (pad 1 smd circle (at 0 0) (size 1 1) (layers B.Cu B.Mask)
      (net 39 /mcu/SCL))
  )

  (module Resistor_SMD:R_0603_1608Metric (layer B.Cu) (tedit 5F68FEEE) (tstamp 6117788A)
    (at 129.575 105.2 180)
    (descr "Resistor SMD 0603 (1608 Metric), square (rectangular) end terminal, IPC_7351 nominal, (Body size source: IPC-SM-782 page 72, https://www.pcb-3d.com/wordpress/wp-content/uploads/ipc-sm-782a_amendment_1_and_2.pdf), generated with kicad-footprint-generator")
    (tags resistor)
    (path /6113B8EA/6117B220)
    (attr smd)
    (fp_text reference R12 (at -3.2 0) (layer B.SilkS)
      (effects (font (size 1 1) (thickness 0.15)) (justify mirror))
    )
    (fp_text value 4.7K (at 0 -1.43) (layer B.Fab)
      (effects (font (size 1 1) (thickness 0.15)) (justify mirror))
    )
    (fp_line (start -0.8 -0.4125) (end -0.8 0.4125) (layer B.Fab) (width 0.1))
    (fp_line (start -0.8 0.4125) (end 0.8 0.4125) (layer B.Fab) (width 0.1))
    (fp_line (start 0.8 0.4125) (end 0.8 -0.4125) (layer B.Fab) (width 0.1))
    (fp_line (start 0.8 -0.4125) (end -0.8 -0.4125) (layer B.Fab) (width 0.1))
    (fp_line (start -0.237258 0.5225) (end 0.237258 0.5225) (layer B.SilkS) (width 0.12))
    (fp_line (start -0.237258 -0.5225) (end 0.237258 -0.5225) (layer B.SilkS) (width 0.12))
    (fp_line (start -1.48 -0.73) (end -1.48 0.73) (layer B.CrtYd) (width 0.05))
    (fp_line (start -1.48 0.73) (end 1.48 0.73) (layer B.CrtYd) (width 0.05))
    (fp_line (start 1.48 0.73) (end 1.48 -0.73) (layer B.CrtYd) (width 0.05))
    (fp_line (start 1.48 -0.73) (end -1.48 -0.73) (layer B.CrtYd) (width 0.05))
    (fp_text user %R (at 0 0) (layer B.Fab)
      (effects (font (size 0.4 0.4) (thickness 0.06)) (justify mirror))
    )
    (pad 2 smd roundrect (at 0.825 0 180) (size 0.8 0.95) (layers B.Cu B.Paste B.Mask) (roundrect_rratio 0.25)
      (net 39 /mcu/SCL))
    (pad 1 smd roundrect (at -0.825 0 180) (size 0.8 0.95) (layers B.Cu B.Paste B.Mask) (roundrect_rratio 0.25)
      (net 3 +3V3))
    (model ${KISYS3DMOD}/Resistor_SMD.3dshapes/R_0603_1608Metric.wrl
      (at (xyz 0 0 0))
      (scale (xyz 1 1 1))
      (rotate (xyz 0 0 0))
    )
  )

  (module Package_TO_SOT_SMD:SOT-323_SC-70 (layer B.Cu) (tedit 5A02FF57) (tstamp 6119F894)
    (at 159.975 123.8 90)
    (descr "SOT-323, SC-70")
    (tags "SOT-323 SC-70")
    (path /60F0B76D/60FA58A2)
    (attr smd)
    (fp_text reference Q3 (at 2.5 0 180) (layer B.SilkS)
      (effects (font (size 1 1) (thickness 0.15)) (justify mirror))
    )
    (fp_text value IRLML6344 (at -0.05 -2.05 90) (layer B.Fab)
      (effects (font (size 1 1) (thickness 0.15)) (justify mirror))
    )
    (fp_line (start -0.18 1.1) (end -0.68 0.6) (layer B.Fab) (width 0.1))
    (fp_line (start 0.67 -1.1) (end -0.68 -1.1) (layer B.Fab) (width 0.1))
    (fp_line (start 0.67 1.1) (end 0.67 -1.1) (layer B.Fab) (width 0.1))
    (fp_line (start -0.68 0.6) (end -0.68 -1.1) (layer B.Fab) (width 0.1))
    (fp_line (start 0.67 1.1) (end -0.18 1.1) (layer B.Fab) (width 0.1))
    (fp_line (start -0.68 -1.16) (end 0.73 -1.16) (layer B.SilkS) (width 0.12))
    (fp_line (start 0.73 1.16) (end -1.3 1.16) (layer B.SilkS) (width 0.12))
    (fp_line (start -1.7 -1.3) (end -1.7 1.3) (layer B.CrtYd) (width 0.05))
    (fp_line (start -1.7 1.3) (end 1.7 1.3) (layer B.CrtYd) (width 0.05))
    (fp_line (start 1.7 1.3) (end 1.7 -1.3) (layer B.CrtYd) (width 0.05))
    (fp_line (start 1.7 -1.3) (end -1.7 -1.3) (layer B.CrtYd) (width 0.05))
    (fp_line (start 0.73 1.16) (end 0.73 0.5) (layer B.SilkS) (width 0.12))
    (fp_line (start 0.73 -0.5) (end 0.73 -1.16) (layer B.SilkS) (width 0.12))
    (fp_text user %R (at 0 0 180) (layer B.Fab)
      (effects (font (size 0.5 0.5) (thickness 0.075)) (justify mirror))
    )
    (pad 3 smd rect (at 1 0 180) (size 0.45 0.7) (layers B.Cu B.Paste B.Mask)
      (net 46 "Net-(C10-Pad1)"))
    (pad 2 smd rect (at -1 -0.65 180) (size 0.45 0.7) (layers B.Cu B.Paste B.Mask)
      (net 25 /epd/RESE))
    (pad 1 smd rect (at -1 0.65 180) (size 0.45 0.7) (layers B.Cu B.Paste B.Mask)
      (net 24 /epd/GDR))
    (model ${KISYS3DMOD}/Package_TO_SOT_SMD.3dshapes/SOT-323_SC-70.wrl
      (at (xyz 0 0 0))
      (scale (xyz 1 1 1))
      (rotate (xyz 0 0 0))
    )
  )

  (module Resistor_SMD:R_0603_1608Metric (layer B.Cu) (tedit 5F68FEEE) (tstamp 61198127)
    (at 163.075 124.8)
    (descr "Resistor SMD 0603 (1608 Metric), square (rectangular) end terminal, IPC_7351 nominal, (Body size source: IPC-SM-782 page 72, https://www.pcb-3d.com/wordpress/wp-content/uploads/ipc-sm-782a_amendment_1_and_2.pdf), generated with kicad-footprint-generator")
    (tags resistor)
    (path /60F0B76D/613BA793)
    (attr smd)
    (fp_text reference R3 (at 2.4 0) (layer B.SilkS)
      (effects (font (size 1 1) (thickness 0.15)) (justify mirror))
    )
    (fp_text value 10K (at 0 -1.43) (layer B.Fab)
      (effects (font (size 1 1) (thickness 0.15)) (justify mirror))
    )
    (fp_line (start 1.48 -0.73) (end -1.48 -0.73) (layer B.CrtYd) (width 0.05))
    (fp_line (start 1.48 0.73) (end 1.48 -0.73) (layer B.CrtYd) (width 0.05))
    (fp_line (start -1.48 0.73) (end 1.48 0.73) (layer B.CrtYd) (width 0.05))
    (fp_line (start -1.48 -0.73) (end -1.48 0.73) (layer B.CrtYd) (width 0.05))
    (fp_line (start -0.237258 -0.5225) (end 0.237258 -0.5225) (layer B.SilkS) (width 0.12))
    (fp_line (start -0.237258 0.5225) (end 0.237258 0.5225) (layer B.SilkS) (width 0.12))
    (fp_line (start 0.8 -0.4125) (end -0.8 -0.4125) (layer B.Fab) (width 0.1))
    (fp_line (start 0.8 0.4125) (end 0.8 -0.4125) (layer B.Fab) (width 0.1))
    (fp_line (start -0.8 0.4125) (end 0.8 0.4125) (layer B.Fab) (width 0.1))
    (fp_line (start -0.8 -0.4125) (end -0.8 0.4125) (layer B.Fab) (width 0.1))
    (fp_text user %R (at 0 0) (layer B.Fab)
      (effects (font (size 0.4 0.4) (thickness 0.06)) (justify mirror))
    )
    (pad 2 smd roundrect (at 0.825 0) (size 0.8 0.95) (layers B.Cu B.Paste B.Mask) (roundrect_rratio 0.25)
      (net 2 GND))
    (pad 1 smd roundrect (at -0.825 0) (size 0.8 0.95) (layers B.Cu B.Paste B.Mask) (roundrect_rratio 0.25)
      (net 24 /epd/GDR))
    (model ${KISYS3DMOD}/Resistor_SMD.3dshapes/R_0603_1608Metric.wrl
      (at (xyz 0 0 0))
      (scale (xyz 1 1 1))
      (rotate (xyz 0 0 0))
    )
  )

  (module Resistor_SMD:R_0603_1608Metric (layer B.Cu) (tedit 5F68FEEE) (tstamp 611A8DD4)
    (at 138.075 106.1)
    (descr "Resistor SMD 0603 (1608 Metric), square (rectangular) end terminal, IPC_7351 nominal, (Body size source: IPC-SM-782 page 72, https://www.pcb-3d.com/wordpress/wp-content/uploads/ipc-sm-782a_amendment_1_and_2.pdf), generated with kicad-footprint-generator")
    (tags resistor)
    (path /6113B8EA/611AD488)
    (attr smd)
    (fp_text reference R9 (at -2.5 0) (layer B.SilkS)
      (effects (font (size 1 1) (thickness 0.15)) (justify mirror))
    )
    (fp_text value 10K (at 0 -1.43) (layer B.Fab)
      (effects (font (size 1 1) (thickness 0.15)) (justify mirror))
    )
    (fp_line (start -0.8 -0.4125) (end -0.8 0.4125) (layer B.Fab) (width 0.1))
    (fp_line (start -0.8 0.4125) (end 0.8 0.4125) (layer B.Fab) (width 0.1))
    (fp_line (start 0.8 0.4125) (end 0.8 -0.4125) (layer B.Fab) (width 0.1))
    (fp_line (start 0.8 -0.4125) (end -0.8 -0.4125) (layer B.Fab) (width 0.1))
    (fp_line (start -0.237258 0.5225) (end 0.237258 0.5225) (layer B.SilkS) (width 0.12))
    (fp_line (start -0.237258 -0.5225) (end 0.237258 -0.5225) (layer B.SilkS) (width 0.12))
    (fp_line (start -1.48 -0.73) (end -1.48 0.73) (layer B.CrtYd) (width 0.05))
    (fp_line (start -1.48 0.73) (end 1.48 0.73) (layer B.CrtYd) (width 0.05))
    (fp_line (start 1.48 0.73) (end 1.48 -0.73) (layer B.CrtYd) (width 0.05))
    (fp_line (start 1.48 -0.73) (end -1.48 -0.73) (layer B.CrtYd) (width 0.05))
    (fp_text user %R (at 0 0) (layer B.Fab)
      (effects (font (size 0.4 0.4) (thickness 0.06)) (justify mirror))
    )
    (pad 2 smd roundrect (at 0.825 0) (size 0.8 0.95) (layers B.Cu B.Paste B.Mask) (roundrect_rratio 0.25)
      (net 37 /flash/MISO))
    (pad 1 smd roundrect (at -0.825 0) (size 0.8 0.95) (layers B.Cu B.Paste B.Mask) (roundrect_rratio 0.25)
      (net 3 +3V3))
    (model ${KISYS3DMOD}/Resistor_SMD.3dshapes/R_0603_1608Metric.wrl
      (at (xyz 0 0 0))
      (scale (xyz 1 1 1))
      (rotate (xyz 0 0 0))
    )
  )

  (module Resistor_SMD:R_0603_1608Metric (layer B.Cu) (tedit 5F68FEEE) (tstamp 611A8DC3)
    (at 144.275 107.7 180)
    (descr "Resistor SMD 0603 (1608 Metric), square (rectangular) end terminal, IPC_7351 nominal, (Body size source: IPC-SM-782 page 72, https://www.pcb-3d.com/wordpress/wp-content/uploads/ipc-sm-782a_amendment_1_and_2.pdf), generated with kicad-footprint-generator")
    (tags resistor)
    (path /6113B8EA/611B1822)
    (attr smd)
    (fp_text reference R8 (at -3.4 0) (layer B.SilkS)
      (effects (font (size 1 1) (thickness 0.15)) (justify mirror))
    )
    (fp_text value 10K (at 0 -1.43) (layer B.Fab)
      (effects (font (size 1 1) (thickness 0.15)) (justify mirror))
    )
    (fp_line (start -0.8 -0.4125) (end -0.8 0.4125) (layer B.Fab) (width 0.1))
    (fp_line (start -0.8 0.4125) (end 0.8 0.4125) (layer B.Fab) (width 0.1))
    (fp_line (start 0.8 0.4125) (end 0.8 -0.4125) (layer B.Fab) (width 0.1))
    (fp_line (start 0.8 -0.4125) (end -0.8 -0.4125) (layer B.Fab) (width 0.1))
    (fp_line (start -0.237258 0.5225) (end 0.237258 0.5225) (layer B.SilkS) (width 0.12))
    (fp_line (start -0.237258 -0.5225) (end 0.237258 -0.5225) (layer B.SilkS) (width 0.12))
    (fp_line (start -1.48 -0.73) (end -1.48 0.73) (layer B.CrtYd) (width 0.05))
    (fp_line (start -1.48 0.73) (end 1.48 0.73) (layer B.CrtYd) (width 0.05))
    (fp_line (start 1.48 0.73) (end 1.48 -0.73) (layer B.CrtYd) (width 0.05))
    (fp_line (start 1.48 -0.73) (end -1.48 -0.73) (layer B.CrtYd) (width 0.05))
    (fp_text user %R (at 0 0) (layer B.Fab)
      (effects (font (size 0.4 0.4) (thickness 0.06)) (justify mirror))
    )
    (pad 2 smd roundrect (at 0.825 0 180) (size 0.8 0.95) (layers B.Cu B.Paste B.Mask) (roundrect_rratio 0.25)
      (net 17 /epd/DIN))
    (pad 1 smd roundrect (at -0.825 0 180) (size 0.8 0.95) (layers B.Cu B.Paste B.Mask) (roundrect_rratio 0.25)
      (net 3 +3V3))
    (model ${KISYS3DMOD}/Resistor_SMD.3dshapes/R_0603_1608Metric.wrl
      (at (xyz 0 0 0))
      (scale (xyz 1 1 1))
      (rotate (xyz 0 0 0))
    )
  )

  (module Resistor_SMD:R_0603_1608Metric (layer B.Cu) (tedit 5F68FEEE) (tstamp 611A8DB2)
    (at 144.275 106.1 180)
    (descr "Resistor SMD 0603 (1608 Metric), square (rectangular) end terminal, IPC_7351 nominal, (Body size source: IPC-SM-782 page 72, https://www.pcb-3d.com/wordpress/wp-content/uploads/ipc-sm-782a_amendment_1_and_2.pdf), generated with kicad-footprint-generator")
    (tags resistor)
    (path /6113B8EA/611B1D89)
    (attr smd)
    (fp_text reference R7 (at -3.3 0) (layer B.SilkS)
      (effects (font (size 1 1) (thickness 0.15)) (justify mirror))
    )
    (fp_text value 10K (at 0 -1.43) (layer B.Fab)
      (effects (font (size 1 1) (thickness 0.15)) (justify mirror))
    )
    (fp_line (start -0.8 -0.4125) (end -0.8 0.4125) (layer B.Fab) (width 0.1))
    (fp_line (start -0.8 0.4125) (end 0.8 0.4125) (layer B.Fab) (width 0.1))
    (fp_line (start 0.8 0.4125) (end 0.8 -0.4125) (layer B.Fab) (width 0.1))
    (fp_line (start 0.8 -0.4125) (end -0.8 -0.4125) (layer B.Fab) (width 0.1))
    (fp_line (start -0.237258 0.5225) (end 0.237258 0.5225) (layer B.SilkS) (width 0.12))
    (fp_line (start -0.237258 -0.5225) (end 0.237258 -0.5225) (layer B.SilkS) (width 0.12))
    (fp_line (start -1.48 -0.73) (end -1.48 0.73) (layer B.CrtYd) (width 0.05))
    (fp_line (start -1.48 0.73) (end 1.48 0.73) (layer B.CrtYd) (width 0.05))
    (fp_line (start 1.48 0.73) (end 1.48 -0.73) (layer B.CrtYd) (width 0.05))
    (fp_line (start 1.48 -0.73) (end -1.48 -0.73) (layer B.CrtYd) (width 0.05))
    (fp_text user %R (at 0 0) (layer B.Fab)
      (effects (font (size 0.4 0.4) (thickness 0.06)) (justify mirror))
    )
    (pad 2 smd roundrect (at 0.825 0 180) (size 0.8 0.95) (layers B.Cu B.Paste B.Mask) (roundrect_rratio 0.25)
      (net 18 /epd/CLK))
    (pad 1 smd roundrect (at -0.825 0 180) (size 0.8 0.95) (layers B.Cu B.Paste B.Mask) (roundrect_rratio 0.25)
      (net 3 +3V3))
    (model ${KISYS3DMOD}/Resistor_SMD.3dshapes/R_0603_1608Metric.wrl
      (at (xyz 0 0 0))
      (scale (xyz 1 1 1))
      (rotate (xyz 0 0 0))
    )
  )

  (module Resistor_SMD:R_0603_1608Metric (layer B.Cu) (tedit 5F68FEEE) (tstamp 611A8D61)
    (at 153.875 109 270)
    (descr "Resistor SMD 0603 (1608 Metric), square (rectangular) end terminal, IPC_7351 nominal, (Body size source: IPC-SM-782 page 72, https://www.pcb-3d.com/wordpress/wp-content/uploads/ipc-sm-782a_amendment_1_and_2.pdf), generated with kicad-footprint-generator")
    (tags resistor)
    (path /60F0B76D/611B9AD3)
    (attr smd)
    (fp_text reference R2 (at -2.4 0.2 180) (layer B.SilkS)
      (effects (font (size 1 1) (thickness 0.15)) (justify mirror))
    )
    (fp_text value 10K (at 0 -1.43 90) (layer B.Fab)
      (effects (font (size 1 1) (thickness 0.15)) (justify mirror))
    )
    (fp_line (start -0.8 -0.4125) (end -0.8 0.4125) (layer B.Fab) (width 0.1))
    (fp_line (start -0.8 0.4125) (end 0.8 0.4125) (layer B.Fab) (width 0.1))
    (fp_line (start 0.8 0.4125) (end 0.8 -0.4125) (layer B.Fab) (width 0.1))
    (fp_line (start 0.8 -0.4125) (end -0.8 -0.4125) (layer B.Fab) (width 0.1))
    (fp_line (start -0.237258 0.5225) (end 0.237258 0.5225) (layer B.SilkS) (width 0.12))
    (fp_line (start -0.237258 -0.5225) (end 0.237258 -0.5225) (layer B.SilkS) (width 0.12))
    (fp_line (start -1.48 -0.73) (end -1.48 0.73) (layer B.CrtYd) (width 0.05))
    (fp_line (start -1.48 0.73) (end 1.48 0.73) (layer B.CrtYd) (width 0.05))
    (fp_line (start 1.48 0.73) (end 1.48 -0.73) (layer B.CrtYd) (width 0.05))
    (fp_line (start 1.48 -0.73) (end -1.48 -0.73) (layer B.CrtYd) (width 0.05))
    (fp_text user %R (at 0 0 90) (layer B.Fab)
      (effects (font (size 0.4 0.4) (thickness 0.06)) (justify mirror))
    )
    (pad 2 smd roundrect (at 0.825 0 270) (size 0.8 0.95) (layers B.Cu B.Paste B.Mask) (roundrect_rratio 0.25)
      (net 16 /mcu/EPD_PWR_EN))
    (pad 1 smd roundrect (at -0.825 0 270) (size 0.8 0.95) (layers B.Cu B.Paste B.Mask) (roundrect_rratio 0.25)
      (net 3 +3V3))
    (model ${KISYS3DMOD}/Resistor_SMD.3dshapes/R_0603_1608Metric.wrl
      (at (xyz 0 0 0))
      (scale (xyz 1 1 1))
      (rotate (xyz 0 0 0))
    )
  )

  (module Capacitor_SMD:C_0603_1608Metric (layer B.Cu) (tedit 5F68FEEE) (tstamp 6119EB16)
    (at 155.675 119.6)
    (descr "Capacitor SMD 0603 (1608 Metric), square (rectangular) end terminal, IPC_7351 nominal, (Body size source: IPC-SM-782 page 76, https://www.pcb-3d.com/wordpress/wp-content/uploads/ipc-sm-782a_amendment_1_and_2.pdf), generated with kicad-footprint-generator")
    (tags capacitor)
    (path /60F0B76D/60F8D060)
    (attr smd)
    (fp_text reference C10 (at -2.9 0 180) (layer B.SilkS)
      (effects (font (size 1 1) (thickness 0.15)) (justify mirror))
    )
    (fp_text value 0.1uF/50V (at 0 -1.43) (layer B.Fab)
      (effects (font (size 1 1) (thickness 0.15)) (justify mirror))
    )
    (fp_line (start -0.8 -0.4) (end -0.8 0.4) (layer B.Fab) (width 0.1))
    (fp_line (start -0.8 0.4) (end 0.8 0.4) (layer B.Fab) (width 0.1))
    (fp_line (start 0.8 0.4) (end 0.8 -0.4) (layer B.Fab) (width 0.1))
    (fp_line (start 0.8 -0.4) (end -0.8 -0.4) (layer B.Fab) (width 0.1))
    (fp_line (start -0.14058 0.51) (end 0.14058 0.51) (layer B.SilkS) (width 0.12))
    (fp_line (start -0.14058 -0.51) (end 0.14058 -0.51) (layer B.SilkS) (width 0.12))
    (fp_line (start -1.48 -0.73) (end -1.48 0.73) (layer B.CrtYd) (width 0.05))
    (fp_line (start -1.48 0.73) (end 1.48 0.73) (layer B.CrtYd) (width 0.05))
    (fp_line (start 1.48 0.73) (end 1.48 -0.73) (layer B.CrtYd) (width 0.05))
    (fp_line (start 1.48 -0.73) (end -1.48 -0.73) (layer B.CrtYd) (width 0.05))
    (fp_text user %R (at 0 0) (layer B.Fab)
      (effects (font (size 0.4 0.4) (thickness 0.06)) (justify mirror))
    )
    (pad 2 smd roundrect (at 0.775 0) (size 0.9 0.95) (layers B.Cu B.Paste B.Mask) (roundrect_rratio 0.25)
      (net 45 "Net-(C10-Pad2)"))
    (pad 1 smd roundrect (at -0.775 0) (size 0.9 0.95) (layers B.Cu B.Paste B.Mask) (roundrect_rratio 0.25)
      (net 46 "Net-(C10-Pad1)"))
    (model ${KISYS3DMOD}/Capacitor_SMD.3dshapes/C_0603_1608Metric.wrl
      (at (xyz 0 0 0))
      (scale (xyz 1 1 1))
      (rotate (xyz 0 0 0))
    )
  )

  (module Inductor_SMD:L_Coilcraft_XxL4020 (layer B.Cu) (tedit 5A44C862) (tstamp 611A111E)
    (at 155.775 123.2 90)
    (descr "L_Coilcraft_XxL4020 https://www.coilcraft.com/pdfs/xfl4020.pdf")
    (tags "L Coilcraft XxL4020")
    (path /60F0B76D/60F9E8E4)
    (attr smd)
    (fp_text reference L2 (at 0 -3.2 180) (layer B.SilkS)
      (effects (font (size 1 1) (thickness 0.15)) (justify mirror))
    )
    (fp_text value 47uH (at 0 -3 90) (layer B.Fab)
      (effects (font (size 1 1) (thickness 0.15)) (justify mirror))
    )
    (fp_line (start 2.154 -2.154) (end -2.154 -2.154) (layer B.SilkS) (width 0.12))
    (fp_line (start -2.154 2.154) (end 2.154 2.154) (layer B.SilkS) (width 0.12))
    (fp_line (start -2.26 -2.26) (end -2.26 2.26) (layer B.CrtYd) (width 0.05))
    (fp_line (start 2.26 -2.26) (end -2.26 -2.26) (layer B.CrtYd) (width 0.05))
    (fp_line (start 2.26 2.26) (end 2.26 -2.26) (layer B.CrtYd) (width 0.05))
    (fp_line (start -2.26 2.26) (end 2.26 2.26) (layer B.CrtYd) (width 0.05))
    (fp_line (start -2 -2) (end -2 2) (layer B.Fab) (width 0.1))
    (fp_line (start 2 -2) (end -2 -2) (layer B.Fab) (width 0.1))
    (fp_line (start 2 2) (end 2 -2) (layer B.Fab) (width 0.1))
    (fp_line (start -2 2) (end 2 2) (layer B.Fab) (width 0.1))
    (fp_text user %R (at 0 0 90) (layer B.Fab)
      (effects (font (size 1 1) (thickness 0.15)) (justify mirror))
    )
    (pad 1 smd rect (at -1.185 0 90) (size 0.98 3.4) (layers B.Cu B.Paste B.Mask)
      (net 46 "Net-(C10-Pad1)"))
    (pad 2 smd rect (at 1.185 0 90) (size 0.98 3.4) (layers B.Cu B.Paste B.Mask)
      (net 7 VCC))
    (model ${KISYS3DMOD}/Inductor_SMD.3dshapes/L_Coilcraft_XxL4020.wrl
      (at (xyz 0 0 0))
      (scale (xyz 1 1 1))
      (rotate (xyz 0 0 0))
    )
  )

  (module Connector_FFC-FPC:TE_2-1734839-4_1x24-1MP_P0.5mm_Horizontal (layer B.Cu) (tedit 5DB5C65C) (tstamp 61191133)
    (at 169.075 117.988 270)
    (descr "TE FPC connector, 24 top-side contacts, 0.5mm pitch, SMT, https://www.te.com/commerce/DocumentDelivery/DDEController?Action=showdoc&DocId=Customer+Drawing%7F1734839%7FC%7Fpdf%7FEnglish%7FENG_CD_1734839_C_C_1734839.pdf%7F4-1734839-0")
    (tags "te fpc 1734839")
    (path /60F0B76D/60FDC045)
    (attr smd)
    (fp_text reference J1 (at 10.05 -0.2 180) (layer B.SilkS)
      (effects (font (size 1 1) (thickness 0.15)) (justify mirror))
    )
    (fp_text value Conn_01x24_MountingPin (at 0 -3.25 90) (layer Dwgs.User)
      (effects (font (size 0.5 0.5) (thickness 0.08)))
    )
    (fp_line (start -8.06 0.65) (end 8.06 0.65) (layer B.Fab) (width 0.1))
    (fp_line (start 8.06 0.65) (end 8.06 -2.15) (layer B.Fab) (width 0.1))
    (fp_line (start 8.06 -2.15) (end 8.715 -2.15) (layer B.Fab) (width 0.1))
    (fp_line (start 8.715 -2.15) (end 8.715 -3.75) (layer B.Fab) (width 0.1))
    (fp_line (start 8.715 -3.75) (end -8.715 -3.75) (layer B.Fab) (width 0.1))
    (fp_line (start -8.715 -3.75) (end -8.715 -2.15) (layer B.Fab) (width 0.1))
    (fp_line (start -8.715 -2.15) (end -8.06 -2.15) (layer B.Fab) (width 0.1))
    (fp_line (start -8.06 -2.15) (end -8.06 0.65) (layer B.Fab) (width 0.1))
    (fp_line (start -6.15 0.65) (end -5.75 -0.15) (layer B.Fab) (width 0.1))
    (fp_line (start -5.75 -0.15) (end -5.35 0.65) (layer B.Fab) (width 0.1))
    (fp_line (start -8.715 -2.04) (end -8.825 -2.04) (layer B.SilkS) (width 0.12))
    (fp_line (start -8.825 -2.04) (end -8.825 -2.64) (layer B.SilkS) (width 0.12))
    (fp_line (start 8.715 -2.04) (end 8.825 -2.04) (layer B.SilkS) (width 0.12))
    (fp_line (start 8.825 -2.04) (end 8.825 -2.64) (layer B.SilkS) (width 0.12))
    (fp_line (start -5.95 0.55) (end -5.75 0.15) (layer B.SilkS) (width 0.12))
    (fp_line (start -5.75 0.15) (end -5.55 0.55) (layer B.SilkS) (width 0.12))
    (fp_line (start -5.55 0.55) (end -5.95 0.55) (layer B.SilkS) (width 0.12))
    (fp_line (start 8.605 -2.75) (end -8.605 -2.75) (layer Dwgs.User) (width 0.1))
    (fp_line (start -9.22 2.4) (end -9.22 -4.25) (layer B.CrtYd) (width 0.05))
    (fp_line (start -9.22 -4.25) (end 9.22 -4.25) (layer B.CrtYd) (width 0.05))
    (fp_line (start 9.22 -4.25) (end 9.22 2.4) (layer B.CrtYd) (width 0.05))
    (fp_line (start 9.22 2.4) (end -9.22 2.4) (layer B.CrtYd) (width 0.05))
    (fp_text user %R (at 0 -1.55 90) (layer B.Fab)
      (effects (font (size 1 1) (thickness 0.15)) (justify mirror))
    )
    (pad 1 smd rect (at -5.75 1.35 270) (size 0.3 1.1) (layers B.Cu B.Paste B.Mask)
      (net 13 /epd/VCOM))
    (pad 2 smd rect (at -5.25 1.35 270) (size 0.3 1.1) (layers B.Cu B.Paste B.Mask)
      (net 6 /epd/PREVGL))
    (pad 3 smd rect (at -4.75 1.35 270) (size 0.3 1.1) (layers B.Cu B.Paste B.Mask)
      (net 12 /epd/VSL))
    (pad 4 smd rect (at -4.25 1.35 270) (size 0.3 1.1) (layers B.Cu B.Paste B.Mask)
      (net 8 /epd/PREVGH))
    (pad 5 smd rect (at -3.75 1.35 270) (size 0.3 1.1) (layers B.Cu B.Paste B.Mask)
      (net 11 /epd/VSH))
    (pad 6 smd rect (at -3.25 1.35 270) (size 0.3 1.1) (layers B.Cu B.Paste B.Mask)
      (net 10 /epd/VPP))
    (pad 7 smd rect (at -2.75 1.35 270) (size 0.3 1.1) (layers B.Cu B.Paste B.Mask)
      (net 9 /epd/VDD))
    (pad 8 smd rect (at -2.25 1.35 270) (size 0.3 1.1) (layers B.Cu B.Paste B.Mask)
      (net 2 GND))
    (pad 9 smd rect (at -1.75 1.35 270) (size 0.3 1.1) (layers B.Cu B.Paste B.Mask)
      (net 7 VCC))
    (pad 10 smd rect (at -1.25 1.35 270) (size 0.3 1.1) (layers B.Cu B.Paste B.Mask)
      (net 7 VCC))
    (pad 11 smd rect (at -0.75 1.35 270) (size 0.3 1.1) (layers B.Cu B.Paste B.Mask)
      (net 17 /epd/DIN))
    (pad 12 smd rect (at -0.25 1.35 270) (size 0.3 1.1) (layers B.Cu B.Paste B.Mask)
      (net 18 /epd/CLK))
    (pad 13 smd rect (at 0.25 1.35 270) (size 0.3 1.1) (layers B.Cu B.Paste B.Mask)
      (net 19 /epd/CS#))
    (pad 14 smd rect (at 0.75 1.35 270) (size 0.3 1.1) (layers B.Cu B.Paste B.Mask)
      (net 20 /epd/DC#))
    (pad 15 smd rect (at 1.25 1.35 270) (size 0.3 1.1) (layers B.Cu B.Paste B.Mask)
      (net 21 /mcu/EPD_RST#))
    (pad 16 smd rect (at 1.75 1.35 270) (size 0.3 1.1) (layers B.Cu B.Paste B.Mask)
      (net 22 /epd/BUSY))
    (pad 17 smd rect (at 2.25 1.35 270) (size 0.3 1.1) (layers B.Cu B.Paste B.Mask)
      (net 2 GND))
    (pad 18 smd rect (at 2.75 1.35 270) (size 0.3 1.1) (layers B.Cu B.Paste B.Mask)
      (net 27 /epd/TSDA))
    (pad 19 smd rect (at 3.25 1.35 270) (size 0.3 1.1) (layers B.Cu B.Paste B.Mask)
      (net 26 /epd/TSCL))
    (pad 20 smd rect (at 3.75 1.35 270) (size 0.3 1.1) (layers B.Cu B.Paste B.Mask)
      (net 4 /epd/VGH))
    (pad 21 smd rect (at 4.25 1.35 270) (size 0.3 1.1) (layers B.Cu B.Paste B.Mask)
      (net 5 /epd/VGL))
    (pad 22 smd rect (at 4.75 1.35 270) (size 0.3 1.1) (layers B.Cu B.Paste B.Mask)
      (net 25 /epd/RESE))
    (pad 23 smd rect (at 5.25 1.35 270) (size 0.3 1.1) (layers B.Cu B.Paste B.Mask)
      (net 24 /epd/GDR))
    (pad 24 smd rect (at 5.75 1.35 270) (size 0.3 1.1) (layers B.Cu B.Paste B.Mask)
      (net 23 /epd/NC))
    (pad MP smd rect (at -7.42 -0.35 270) (size 2.3 3.1) (layers B.Cu B.Paste B.Mask)
      (net 2 GND))
    (pad MP smd rect (at 7.42 -0.35 270) (size 2.3 3.1) (layers B.Cu B.Paste B.Mask)
      (net 2 GND))
    (model ${KISYS3DMOD}/Connector_FFC-FPC.3dshapes/TE_2-1734839-4_1x24-1MP_P0.5mm_Horizontal.wrl
      (at (xyz 0 0 0))
      (scale (xyz 1 1 1))
      (rotate (xyz 0 0 0))
    )
    (model :custom:epd-2in9.stp
      (offset (xyz 0.7 29.5 -1.6))
      (scale (xyz 1 1 1))
      (rotate (xyz 180 0 -90))
    )
    (model :custom:117427419-19-affc20-24-050-sht-t/fpc-0.5mm-24pin-up.stp
      (offset (xyz 0 -1.5 1))
      (scale (xyz 1 1 1))
      (rotate (xyz -90 0 0))
    )
  )

  (module Resistor_SMD:R_0603_1608Metric (layer B.Cu) (tedit 5F68FEEE) (tstamp 611A971D)
    (at 163.075 123)
    (descr "Resistor SMD 0603 (1608 Metric), square (rectangular) end terminal, IPC_7351 nominal, (Body size source: IPC-SM-782 page 72, https://www.pcb-3d.com/wordpress/wp-content/uploads/ipc-sm-782a_amendment_1_and_2.pdf), generated with kicad-footprint-generator")
    (tags resistor)
    (path /60F0B76D/613C295F)
    (attr smd)
    (fp_text reference R4 (at 2.4 0) (layer B.SilkS)
      (effects (font (size 1 1) (thickness 0.15)) (justify mirror))
    )
    (fp_text value 4.7 (at 0 -1.43) (layer B.Fab)
      (effects (font (size 1 1) (thickness 0.15)) (justify mirror))
    )
    (fp_line (start 1.48 -0.73) (end -1.48 -0.73) (layer B.CrtYd) (width 0.05))
    (fp_line (start 1.48 0.73) (end 1.48 -0.73) (layer B.CrtYd) (width 0.05))
    (fp_line (start -1.48 0.73) (end 1.48 0.73) (layer B.CrtYd) (width 0.05))
    (fp_line (start -1.48 -0.73) (end -1.48 0.73) (layer B.CrtYd) (width 0.05))
    (fp_line (start -0.237258 -0.5225) (end 0.237258 -0.5225) (layer B.SilkS) (width 0.12))
    (fp_line (start -0.237258 0.5225) (end 0.237258 0.5225) (layer B.SilkS) (width 0.12))
    (fp_line (start 0.8 -0.4125) (end -0.8 -0.4125) (layer B.Fab) (width 0.1))
    (fp_line (start 0.8 0.4125) (end 0.8 -0.4125) (layer B.Fab) (width 0.1))
    (fp_line (start -0.8 0.4125) (end 0.8 0.4125) (layer B.Fab) (width 0.1))
    (fp_line (start -0.8 -0.4125) (end -0.8 0.4125) (layer B.Fab) (width 0.1))
    (fp_text user %R (at 0 0) (layer B.Fab)
      (effects (font (size 0.4 0.4) (thickness 0.06)) (justify mirror))
    )
    (pad 2 smd roundrect (at 0.825 0) (size 0.8 0.95) (layers B.Cu B.Paste B.Mask) (roundrect_rratio 0.25)
      (net 2 GND))
    (pad 1 smd roundrect (at -0.825 0) (size 0.8 0.95) (layers B.Cu B.Paste B.Mask) (roundrect_rratio 0.25)
      (net 25 /epd/RESE))
    (model ${KISYS3DMOD}/Resistor_SMD.3dshapes/R_0603_1608Metric.wrl
      (at (xyz 0 0 0))
      (scale (xyz 1 1 1))
      (rotate (xyz 0 0 0))
    )
  )

  (module Resistor_SMD:R_0603_1608Metric (layer B.Cu) (tedit 5F68FEEE) (tstamp 6118A97C)
    (at 139.175 117.7 180)
    (descr "Resistor SMD 0603 (1608 Metric), square (rectangular) end terminal, IPC_7351 nominal, (Body size source: IPC-SM-782 page 72, https://www.pcb-3d.com/wordpress/wp-content/uploads/ipc-sm-782a_amendment_1_and_2.pdf), generated with kicad-footprint-generator")
    (tags resistor)
    (path /61239D25/6118B5C6)
    (attr smd)
    (fp_text reference R18 (at 0 1.43) (layer B.SilkS)
      (effects (font (size 1 1) (thickness 0.15)) (justify mirror))
    )
    (fp_text value 10K (at 0 -1.43) (layer B.Fab)
      (effects (font (size 1 1) (thickness 0.15)) (justify mirror))
    )
    (fp_line (start 1.48 -0.73) (end -1.48 -0.73) (layer B.CrtYd) (width 0.05))
    (fp_line (start 1.48 0.73) (end 1.48 -0.73) (layer B.CrtYd) (width 0.05))
    (fp_line (start -1.48 0.73) (end 1.48 0.73) (layer B.CrtYd) (width 0.05))
    (fp_line (start -1.48 -0.73) (end -1.48 0.73) (layer B.CrtYd) (width 0.05))
    (fp_line (start -0.237258 -0.5225) (end 0.237258 -0.5225) (layer B.SilkS) (width 0.12))
    (fp_line (start -0.237258 0.5225) (end 0.237258 0.5225) (layer B.SilkS) (width 0.12))
    (fp_line (start 0.8 -0.4125) (end -0.8 -0.4125) (layer B.Fab) (width 0.1))
    (fp_line (start 0.8 0.4125) (end 0.8 -0.4125) (layer B.Fab) (width 0.1))
    (fp_line (start -0.8 0.4125) (end 0.8 0.4125) (layer B.Fab) (width 0.1))
    (fp_line (start -0.8 -0.4125) (end -0.8 0.4125) (layer B.Fab) (width 0.1))
    (fp_text user %R (at 0 0) (layer B.Fab)
      (effects (font (size 0.4 0.4) (thickness 0.06)) (justify mirror))
    )
    (pad 2 smd roundrect (at 0.825 0 180) (size 0.8 0.95) (layers B.Cu B.Paste B.Mask) (roundrect_rratio 0.25)
      (net 36 /rtc/INT))
    (pad 1 smd roundrect (at -0.825 0 180) (size 0.8 0.95) (layers B.Cu B.Paste B.Mask) (roundrect_rratio 0.25)
      (net 3 +3V3))
    (model ${KISYS3DMOD}/Resistor_SMD.3dshapes/R_0603_1608Metric.wrl
      (at (xyz 0 0 0))
      (scale (xyz 1 1 1))
      (rotate (xyz 0 0 0))
    )
  )

  (module Resistor_SMD:R_0603_1608Metric (layer B.Cu) (tedit 5F68FEEE) (tstamp 611CC182)
    (at 129.575 103.6 180)
    (descr "Resistor SMD 0603 (1608 Metric), square (rectangular) end terminal, IPC_7351 nominal, (Body size source: IPC-SM-782 page 72, https://www.pcb-3d.com/wordpress/wp-content/uploads/ipc-sm-782a_amendment_1_and_2.pdf), generated with kicad-footprint-generator")
    (tags resistor)
    (path /6113B8EA/6117A5A3)
    (attr smd)
    (fp_text reference R11 (at -3.1 0) (layer B.SilkS)
      (effects (font (size 1 1) (thickness 0.15)) (justify mirror))
    )
    (fp_text value 4.7K (at 0 -1.43) (layer B.Fab)
      (effects (font (size 1 1) (thickness 0.15)) (justify mirror))
    )
    (fp_line (start -0.8 -0.4125) (end -0.8 0.4125) (layer B.Fab) (width 0.1))
    (fp_line (start -0.8 0.4125) (end 0.8 0.4125) (layer B.Fab) (width 0.1))
    (fp_line (start 0.8 0.4125) (end 0.8 -0.4125) (layer B.Fab) (width 0.1))
    (fp_line (start 0.8 -0.4125) (end -0.8 -0.4125) (layer B.Fab) (width 0.1))
    (fp_line (start -0.237258 0.5225) (end 0.237258 0.5225) (layer B.SilkS) (width 0.12))
    (fp_line (start -0.237258 -0.5225) (end 0.237258 -0.5225) (layer B.SilkS) (width 0.12))
    (fp_line (start -1.48 -0.73) (end -1.48 0.73) (layer B.CrtYd) (width 0.05))
    (fp_line (start -1.48 0.73) (end 1.48 0.73) (layer B.CrtYd) (width 0.05))
    (fp_line (start 1.48 0.73) (end 1.48 -0.73) (layer B.CrtYd) (width 0.05))
    (fp_line (start 1.48 -0.73) (end -1.48 -0.73) (layer B.CrtYd) (width 0.05))
    (fp_text user %R (at 0 0) (layer B.Fab)
      (effects (font (size 0.4 0.4) (thickness 0.06)) (justify mirror))
    )
    (pad 2 smd roundrect (at 0.825 0 180) (size 0.8 0.95) (layers B.Cu B.Paste B.Mask) (roundrect_rratio 0.25)
      (net 40 /mcu/SDA))
    (pad 1 smd roundrect (at -0.825 0 180) (size 0.8 0.95) (layers B.Cu B.Paste B.Mask) (roundrect_rratio 0.25)
      (net 3 +3V3))
    (model ${KISYS3DMOD}/Resistor_SMD.3dshapes/R_0603_1608Metric.wrl
      (at (xyz 0 0 0))
      (scale (xyz 1 1 1))
      (rotate (xyz 0 0 0))
    )
  )

  (module Jumper:SolderJumper-2_P1.3mm_Open_RoundedPad1.0x1.5mm (layer B.Cu) (tedit 5B391E66) (tstamp 61173533)
    (at 113.775 113.6)
    (descr "SMD Solder Jumper, 1x1.5mm, rounded Pads, 0.3mm gap, open")
    (tags "solder jumper open")
    (path /60F00547/6117C3CD)
    (attr virtual)
    (fp_text reference JP2 (at 3.3 0) (layer B.SilkS)
      (effects (font (size 1 1) (thickness 0.15)) (justify mirror))
    )
    (fp_text value Jumper (at 0 -1.9) (layer B.Fab)
      (effects (font (size 1 1) (thickness 0.15)) (justify mirror))
    )
    (fp_line (start 1.65 -1.25) (end -1.65 -1.25) (layer B.CrtYd) (width 0.05))
    (fp_line (start 1.65 -1.25) (end 1.65 1.25) (layer B.CrtYd) (width 0.05))
    (fp_line (start -1.65 1.25) (end -1.65 -1.25) (layer B.CrtYd) (width 0.05))
    (fp_line (start -1.65 1.25) (end 1.65 1.25) (layer B.CrtYd) (width 0.05))
    (fp_line (start -0.7 1) (end 0.7 1) (layer B.SilkS) (width 0.12))
    (fp_line (start 1.4 0.3) (end 1.4 -0.3) (layer B.SilkS) (width 0.12))
    (fp_line (start 0.7 -1) (end -0.7 -1) (layer B.SilkS) (width 0.12))
    (fp_line (start -1.4 -0.3) (end -1.4 0.3) (layer B.SilkS) (width 0.12))
    (fp_arc (start -0.7 0.3) (end -0.7 1) (angle 90) (layer B.SilkS) (width 0.12))
    (fp_arc (start -0.7 -0.3) (end -1.4 -0.3) (angle 90) (layer B.SilkS) (width 0.12))
    (fp_arc (start 0.7 -0.3) (end 0.7 -1) (angle 90) (layer B.SilkS) (width 0.12))
    (fp_arc (start 0.7 0.3) (end 1.4 0.3) (angle 90) (layer B.SilkS) (width 0.12))
    (pad 2 smd custom (at 0.65 0) (size 1 0.5) (layers B.Cu B.Mask)
      (net 3 +3V3) (zone_connect 2)
      (options (clearance outline) (anchor rect))
      (primitives
        (gr_circle (center 0 -0.25) (end 0.5 -0.25) (width 0))
        (gr_circle (center 0 0.25) (end 0.5 0.25) (width 0))
        (gr_poly (pts
           (xy 0 0.75) (xy -0.5 0.75) (xy -0.5 -0.75) (xy 0 -0.75)) (width 0))
      ))
    (pad 1 smd custom (at -0.65 0) (size 1 0.5) (layers B.Cu B.Mask)
      (net 44 "Net-(C2-Pad1)") (zone_connect 2)
      (options (clearance outline) (anchor rect))
      (primitives
        (gr_circle (center 0 -0.25) (end 0.5 -0.25) (width 0))
        (gr_circle (center 0 0.25) (end 0.5 0.25) (width 0))
        (gr_poly (pts
           (xy 0 0.75) (xy 0.5 0.75) (xy 0.5 -0.75) (xy 0 -0.75)) (width 0))
      ))
  )

  (module Capacitor_SMD:C_1206_3216Metric (layer B.Cu) (tedit 5F68FEEE) (tstamp 6118010E)
    (at 117.575 117.8 90)
    (descr "Capacitor SMD 1206 (3216 Metric), square (rectangular) end terminal, IPC_7351 nominal, (Body size source: IPC-SM-782 page 76, https://www.pcb-3d.com/wordpress/wp-content/uploads/ipc-sm-782a_amendment_1_and_2.pdf), generated with kicad-footprint-generator")
    (tags capacitor)
    (path /60F00547/611EE99D)
    (attr smd)
